26,163
27,91
27,90
27,89
27,88
27,87
27,86
27,85
27,84
27,83
27,82
27,81
27,80
27,79
27,78
27,77
27,76
27,75
27,74
27,73
27,72
27,71
27,70
27,69
27,68
27,67
27,66
27,65
27,64
27,47
27,46
27,45
27,44
27,42
27,41
27,40
27,39
27,38
27,37
27,36
27,35
27,34
27,33
27,32
27,31
27,30
27,29
27,28
27,27
27,26
27,25
27,24
27,23
27,22
27,21
27,20
27,19
27,18
27,17
27,16
27,15
27,14
27,13
27,12
27,11
27,10
27,9
27,8
27,7
27,6
27,5
27,4
27,3
27,2
27,1
27,0
26,28
26,27
26,26
26,25
26,24
26,23
26,22
26,21
26,20
26,19
26,18
26,17
26,16
26,15
26,14
26,13
26,12
26,11
26,10
26,8
26,7
26,6
26,5
26,4
26,3
26,2
26,1
26,0
25,4
25,3
25,2
25,1
25,0
24,10
24,9
24,8
24,7
24,6
24,5
24,4
24,3
24,2
24,1
24,0
23,6
23,5
23,4
23,3
23,2
23,1
23,0
22,4
22,3
22,2
22,1
22,0
21,4
21,3
21,2
21,1
21,0
20,4
20,3
20,2
20,1
20,0
19,4
19,3
19,2
19,1
19,0
18,5
18,4
18,3
18,2
18,1
18,0
17,4
17,3
17,2
17,1
17,0
16,4
16,3
16,2
16,1
16,0
15,6
15,5
15,4
15,3
15,2
15,1
15,0
14,6
14,5
14,4
14,3
14,2
14,1
14,0
13,8
13,7
13,6
13,5
13,4
13,3
13,2
13,1
13,0
12,5
12,4
12,3
12,2
12,1
12,0
11,5
11,4
11,3
11,2
11,1
11,0
10,4
10,3
10,2
10,1
10,0
9,4
9,3
9,2
9,1
9,0
8,10
8,9
8,8
8,7
8,6
8,5
8,4
8,3
8,2
8,1
8,0
7,3
5,8
5,7
5,6
5,5
5,4
5,3
5,2
5,0
4,3
3,2
2,2
1,2
0,51
0,9
0,2
27,92
27,93
27,95
27,96
27,98
27,99
27,101
28,1
28,2
28,4
28,5
28,7
28,9
28,10
28,12
28,13
28,15
28,16
28,18
28,20
28,21
28,23
28,24
28,26
28,28
28,29
28,31
28,32
28,34
28,35
28,37
28,39
28,40
28,42
28,43
28,45
28,47
28,48
28,50
28,51
28,53
28,64
28,66
28,68
28,69
28,71
28,72
28,74
28,76
28,77
28,79
28,80
28,82
28,84
28,85
28,87
28,88
28,90
28,91
28,93
28,95
28,96
28,98
28,99
28,101
28,103
28,104
28,106
28,107
28,109
28,110
28,112
28,114
28,115
28,117
28,118
28,120
28,122
28,123
28,125
28,126
28,128
28,129
28,131
28,133
28,134
28,136
28,137
28,139
28,141
28,142
28,144
28,145
28,147
28,149
28,150
28,152
28,153
28,155
28,156
28,158
28,160
28,161
28,163
28,164
28,166
28,168
28,169
28,171
28,172
28,174
28,175
28,177
28,179
28,180
28,182
28,183
28,185
28,187
28,188
28,190
28,191
28,193
28,194
28,196
28,198
28,199
28,201
28,202
28,204
28,206
28,207
28,209
28,210
28,212
28,213
28,215
28,217
28,218
28,220
28,221
28,223
28,225
28,226
28,228
28,229
28,231
28,233
28,234
28,236
28,237
28,239
28,240
28,242
28,244
28,245
28,247
28,248
28,250
28,252
28,253
28,255
28,256
28,258
28,259
28,261
28,263
28,264
28,266
28,267
28,269
28,271
28,272
28,274
28,275
28,277
28,278
28,280
28,282
28,283
28,285
28,286
28,288
28,290
28,291
28,293
28,294
28,296
28,298
28,299
28,301
28,302
28,304
28,305
28,307
28,309
28,310
28,312
28,313
28,315
28,317
28,318
28,320
28,321
28,323
28,324
28,326
28,328
28,329
28,331
28,332
28,334
28,336
28,337
28,339
28,340
28,342
28,343
28,345
28,347
28,348
28,350
28,351
28,353
28,355
28,356
28,358
28,359
28,361
28,362
28,364
28,366
28,367
28,369
28,370
28,372
28,374
28,375
28,377
28,378
28,380
28,382
28,383
28,385
28,386
28,388
28,389
28,391
28,393
28,394
28,396
28,397
28,399
28,401
28,402
28,404
28,405
28,407
28,408
28,410
28,412
28,413
28,415
28,416
28,418
28,420
28,421
28,423
28,424
28,426
28,427
29,0
29,2
29,3
29,5
30,0
30,2
30,4
31,0
31,2
31,3
31,5
32,1
32,2
32,4
33,0
33,2
33,3
33,5
34,1
34,2
34,4
34,5
35,1
35,3
35,4
36,0
36,1
36,3
36,4
36,6
36,8
36,9
36,11
36,12
37,0
37,2
37,3
37,5
37,6
38,1
38,2
39,0
39,2
39,3
40,0
40,1
40,3
40,2
39,4
39,1
38,3
38,0
37,4
37,1
36,13
36,10
36,7
36,5
36,2
35,5
35,2
35,0
34,3
34,0
33,4
33,1
32,3
32,0
31,4
31,1
30,3
30,1
29,4
29,1
28,428
28,425
28,422
28,419
28,417
28,414
28,411
28,409
28,406
28,403
28,400
28,398
28,395
28,392
28,390
28,387
28,384
28,381
28,379
28,376
28,373
28,371
28,368
28,365
28,363
28,360
28,357
28,354
28,352
28,349
28,346
28,344
28,341
28,338
28,335
28,333
28,330
28,327
28,325
28,322
28,319
28,316
28,314
28,311
28,308
28,306
28,303
28,300
28,297
28,295
28,292
28,289
28,287
28,284
28,281
28,279
28,276
28,273
28,270
28,268
28,265
28,262
28,260
28,257
28,254
28,251
28,249
28,246
28,243
28,241
28,238
28,235
28,232
28,230
28,227
28,224
28,222
28,219
28,216
28,214
28,211
28,208
28,205
28,203
28,200
28,197
28,195
28,192
28,189
28,186
28,184
28,181
28,178
28,176
28,173
28,170
28,167
28,165
28,162
28,159
28,157
28,154
28,151
28,148
28,146
28,143
28,140
28,138
28,135
28,132
28,130
28,127
28,124
28,121
28,119
28,116
28,113
28,111
28,108
28,105
28,102
28,100
28,97
28,94
28,92
28,89
28,86
28,83
28,81
28,78
28,75
28,73
28,70
28,67
28,65
28,52
28,49
28,46
28,44
28,41
28,38
28,36
28,33
28,30
28,27
28,25
28,22
28,19
28,17
28,14
28,11
28,8
28,6
28,3
28,0
27,100
27,97
27,94
1,45
3,44
2,44
1,44
3,43
2,43
1,43
3,42
2,42
1,42
3,41
2,41
1,41
3,40
2,40
1,40
3,39
2,39
1,39
3,38
2,38
1,38
3,37
2,37
1,37
3,36
2,36
1,36
3,35
2,35
1,35
3,34
2,34
1,34
3,33
2,33
1,33
3,32
2,32
1,32
3,31
2,31
1,31
3,30
2,30
1,30
3,29
2,29
1,29
3,28
2,28
1,28
3,27
2,27
1,27
3,26
2,26
1,26
3,25
2,25
1,25
3,24
2,24
1,24
3,23
2,23
1,23
3,22
2,22
1,22
3,21
2,21
1,21
3,20
2,20
1,20
3,19
2,19
1,19
3,18
2,18
1,18
3,17
2,17
1,17
3,16
2,16
1,16
3,15
2,15
1,15
3,14
2,14
1,14
3,13
2,13
1,13
3,12
2,12
1,12
3,11
2,11
1,11
3,10
2,10
1,10
3,9
2,9
1,9
3,8
2,8
1,8
3,7
2,7
1,7
3,6
2,6
1,6
3,5
2,5
1,5
3,4
2,4
1,4
3,3
3,0
2,3
2,0
1,3
1,0
0,6
0,0
0,47
0,46
0,49
0,48
0,45
0,12
0,50
0,10
0,8
0,11
0,5
0,7
0,4
0,3
